15 15
07 07 07 07 07 07 07 07 07 07 07 07 07 07 07
07 07 07 07 07 07 07 07 07 07 07 07 07 07 07
07 07 07 07 07 07 07 07 07 07 07 07 07 07 07
07 07 07 00 00 07 07 07 07 07 00 00 07 07 07
07 07 07 07 00 00 07 07 07 00 00 07 07 07 07
07 07 07 07 07 00 00 07 00 00 07 07 07 07 07
07 07 07 07 07 07 00 00 00 07 07 07 07 07 07
07 07 07 07 07 07 00 00 00 07 07 07 07 07 07
07 07 07 07 07 00 00 07 00 00 07 07 07 07 07
07 07 07 07 00 00 07 07 07 00 00 07 07 07 07
07 07 07 00 00 07 07 07 07 07 00 00 07 07 07
07 07 07 07 07 07 07 07 07 07 07 07 07 07 07
07 07 07 07 07 07 07 07 07 07 07 07 07 07 07
07 07 07 07 07 07 07 07 07 07 07 07 07 07 07
